# Made in Blockbench 4.9.4
mtllib testAmmo.mtl

o package
v -0.9374999999999997 1.0625 1.6874999999999998
v 0.8125000000000003 1.0625 1.6874999999999993
v -0.9374999999999997 0.0625 1.6874999999999998
v 0.8125000000000003 0.0625 1.6874999999999993
v -0.9375000000000003 1.0625 -0.9375000000000002
v 0.8124999999999997 1.0625 -0.9375000000000007
v -0.9375000000000003 0.0625 -0.9375000000000002
v 0.8124999999999997 0.0625 -0.9375000000000007
vt 1.671875 1
vt 1.234375 1
vt 1.234375 0.75
vt 1.671875 0.75
vt 1.671875 0.484375
vt 1.671875 0.734375
vt 1.234375 0.734375
vt 1.234375 0.484375
vt 0.65625 0.5625
vt 0.65625 1
vt 0 1
vt 0 0.5625
vt 1.328125 0.15625
vt 0.671875 0.15625
vt 0.671875 -0.09375
vt 1.328125 -0.09375
vt 0 0.109375
vt 0.65625 0.109375
vt 0.65625 0.546875
vt 0 0.546875
vt 0.65625 -0.15625
vt 0.65625 0.09375
vt 0 0.09375
vt 0 -0.15625
vn 2.220446049250313e-16 0 1
vn -2.220446049250313e-16 0 -1
vn 0 -1 0
vn 1 0 -2.220446049250313e-16
vn 0 1 0
vn -1 0 2.220446049250313e-16
usemtl none
f 2/1/1 1/2/1 3/3/1 4/4/1
f 7/5/2 5/6/2 6/7/2 8/8/2
f 4/9/3 3/10/3 7/11/3 8/12/3
f 6/13/4 2/14/4 4/15/4 8/16/4
f 5/17/5 1/18/5 2/19/5 6/20/5
f 3/21/6 1/22/6 5/23/6 7/24/6
o internalBox
v -0.875 1 0.4374999999999998
v 0.75 1 0.43749999999999933
v -0.875 0.125 0.4374999999999998
v 0.75 0.125 0.43749999999999933
v 0.7499999999999996 1 -1.7499999999999996
v -0.8750000000000004 1 -1.7499999999999996
v 0.7499999999999996 0.125 -1.7499999999999996
v -0.8750000000000004 0.125 -1.7499999999999996
vt 0.671875 -0.109375
vt 1.21875 -0.109375
vt 1.21875 -0.328125
vt 0.671875 -0.328125
vt 1.234375 0.46875
vt 1.640625 0.46875
vt 1.640625 0.25
vt 1.234375 0.25
vt 0 -0.171875
vt 0.546875 -0.171875
vt 0.546875 -0.390625
vt 0 -0.390625
vt 1.234375 -0.109375
vt 1.640625 -0.109375
vt 1.640625 -0.328125
vt 1.234375 -0.328125
vt 1.21875 0.59375
vt 0.671875 0.59375
vt 0.671875 1
vt 1.21875 1
vt 1.21875 0.578125
vt 0.671875 0.578125
vt 0.671875 0.171875
vt 1.21875 0.171875
vn 1 0 -2.220446049250313e-16
vn 2.220446049250313e-16 0 1
vn -1 0 2.220446049250313e-16
vn -2.220446049250313e-16 0 -1
vn 0 1 0
vn 0 -1 0
usemtl none
f 12/28/7 15/27/7 13/26/7 10/25/7
f 11/32/8 12/31/8 10/30/8 9/29/8
f 16/36/9 11/35/9 9/34/9 14/33/9
f 15/40/10 16/39/10 14/38/10 13/37/10
f 14/44/11 9/43/11 10/42/11 13/41/11
f 15/48/12 12/47/12 11/46/12 16/45/12
o flapTop
v -0.9375000000000003 1.6575150052184267 -1.3940710717565408
v 0.8124999999999996 1.6575150052184267 -1.3940710717565412
v -0.9375000000000002 1.0625 -0.9375000000000002
v 0.8124999999999998 1.0625 -0.9375000000000007
v 0.8124999999999996 1.6346864516306 -1.4238218220174623
v -0.9375000000000003 1.6346864516306 -1.4238218220174619
v 0.8124999999999998 1.0396714464121732 -0.9672507502609217
v -0.9375000000000002 1.0396714464121732 -0.9672507502609213
vt 1.171875 -0.5
vt 1.1875 -0.5
vt 1.1875 -0.6875
vt 1.171875 -0.6875
vt 0.5625 -0.34375
vt 1 -0.34375
vt 1 -0.53125
vt 0.5625 -0.53125
vt 1.203125 -0.5
vt 1.21875 -0.5
vt 1.21875 -0.6875
vt 1.203125 -0.6875
vt 1.34375 0.234375
vt 1.78125 0.234375
vt 1.78125 0.046875
vt 1.34375 0.046875
vt 0.546875 -0.84375
vt 0.53125 -0.84375
vt 0.53125 -0.40625
vt 0.546875 -0.40625
vt 1.03125 -0.5
vt 1.015625 -0.5
vt 1.015625 -0.9375
vt 1.03125 -0.9375
vn 1 0 -2.220446049250313e-16
vn 1.7615982901092124e-16 0.6087614290087207 0.7933533402912352
vn -1 0 2.220446049250313e-16
vn -1.7615982901092124e-16 -0.6087614290087207 -0.7933533402912352
vn -1.3517219099783887e-16 0.7933533402912352 -0.6087614290087207
vn 1.3517219099783887e-16 -0.7933533402912352 0.6087614290087207
usemtl none
f 20/52/13 23/51/13 21/50/13 18/49/13
f 19/56/14 20/55/14 18/54/14 17/53/14
f 24/60/15 19/59/15 17/58/15 22/57/15
f 23/64/16 24/63/16 22/62/16 21/61/16
f 22/68/17 17/67/17 18/66/17 21/65/17
f 23/72/18 20/71/18 19/70/18 24/69/18
o flapLeft
v 1.0277594307053635 1.0624999999999933 -1.4571822370376057
v 1.0277594307053617 0.06249999999999323 -1.4571822370375933
v 0.8125000000000004 1.0625 -0.9375000000000069
v 0.8124999999999987 0.0625 -0.9374999999999944
v 0.9931139482361886 0.06249999999999312 -1.471532865751284
v 0.9931139482361904 1.0624999999999931 -1.4715328657512965
v 0.7778545175308258 0.06249999999999989 -0.9518506287136852
v 0.7778545175308276 1.0625 -0.9518506287136976
vt 0.5625 -0.171875
vt 0.578125 -0.171875
vt 0.578125 -0.3125
vt 0.5625 -0.3125
vt 1.015625 -0.34375
vt 1.265625 -0.34375
vt 1.265625 -0.484375
vt 1.015625 -0.484375
vt 0.59375 -0.171875
vt 0.609375 -0.171875
vt 0.609375 -0.3125
vt 0.59375 -0.3125
vt 1.28125 -0.34375
vt 1.53125 -0.34375
vt 1.53125 -0.484375
vt 1.28125 -0.484375
vt 1.0625 -0.75
vt 1.046875 -0.75
vt 1.046875 -0.5
vt 1.0625 -0.5
vt 1.09375 -0.5
vt 1.078125 -0.5
vt 1.078125 -0.75
vt 1.09375 -0.75
vn -1.6139649897220344e-15 -1 1.2309798630406219e-14
vn 0.9238795325112868 3.117336600489903e-15 0.3826834323650896
vn 1.6139649897220344e-15 1 -1.2309798630406219e-14
vn -0.9238795325112868 -3.117336600489903e-15 -0.3826834323650896
vn 0.3826834323650896 -1.2167760416915201e-14 -0.9238795325112868
vn -0.3826834323650896 1.2167760416915201e-14 0.9238795325112868
usemtl none
f 28/76/19 31/75/19 29/74/19 26/73/19
f 27/80/20 28/79/20 26/78/20 25/77/20
f 32/84/21 27/83/21 25/82/21 30/81/21
f 31/88/22 32/87/22 30/86/22 29/85/22
f 30/92/23 25/91/23 26/90/23 29/89/23
f 31/96/24 28/95/24 27/94/24 32/93/24
o flapRight
v -0.937500000000001 1.0624999999999998 -0.9374999999999968
v -0.9374999999999999 0.06249999999999978 -0.9375000000000037
v -1.2990680304486795 1.0625000000000022 -1.3683999992544218
v -1.2990680304486784 0.06250000000000222 -1.3683999992544287
v -0.9087733333830385 0.0625 -0.9616045353632486
v -0.9087733333830397 1.0625 -0.9616045353632418
v -1.270341363831717 0.06250000000000244 -1.3925045346176739
v -1.2703413638317183 1.0625000000000024 -1.3925045346176668
vt 0.625 -0.171875
vt 0.640625 -0.171875
vt 0.640625 -0.3125
vt 0.625 -0.3125
vt 0 -0.40625
vt 0.25 -0.40625
vt 0.25 -0.546875
vt 0 -0.546875
vt 1.234375 -0.5
vt 1.25 -0.5
vt 1.25 -0.640625
vt 1.234375 -0.640625
vt 0.265625 -0.40625
vt 0.515625 -0.40625
vt 0.515625 -0.546875
vt 0.265625 -0.546875
vt 1.125 -0.75
vt 1.109375 -0.75
vt 1.109375 -0.5
vt 1.125 -0.5
vt 1.15625 -0.5
vt 1.140625 -0.5
vt 1.140625 -0.75
vt 1.15625 -0.75
vn 1.2277544405857997e-15 -1 -6.827381214792651e-15
vn -0.7660444431189779 -5.360081342650668e-15 0.6427876096865395
vn -1.2277544405857997e-15 1 6.827381214792651e-15
vn 0.7660444431189779 5.360081342650668e-15 -0.6427876096865395
vn 0.6427876096865395 -4.487975742908901e-15 0.7660444431189779
vn -0.6427876096865395 4.487975742908901e-15 -0.7660444431189779
usemtl none
f 36/100/25 39/99/25 37/98/25 34/97/25
f 35/104/26 36/103/26 34/102/26 33/101/26
f 40/108/27 35/107/27 33/106/27 38/105/27
f 39/112/28 40/111/28 38/110/28 37/109/28
f 38/116/29 33/115/29 34/114/29 37/113/29
f 39/120/30 36/119/30 35/118/30 40/117/30